1
3
319
1057
1088
1091
1265
1464
1549
2151
2157
2164
2425
3330
3332
3529
3577
3731
3935
4008
4281
4363
4543
4577
4682
4723
4880
5014
5167
5286
5293
5368
5427
5508
5532
5572
5575
5677
5679
5745
5858
5962
6172
6194
6195
6196
6197
6198
6203
6205
6207
6209
6212
6215
6216
6217
6218
6219
6222
6232
6233
6240
6241
6245
6248
6250
6253
6255
6259
6263
6267
6273
6285
6300
6301
6311
6317
6324
6325
6357
6358
6360
6361
6363
6364
6366
6373
6378
6383
6386
6390
6391
6392
6394
6396
6397
6398
6399
6400
6402
6405
6406
6407
6408
6411
6412
6413
6414
6415
6417
6418
6420
6422
6425
6426
6427
6429
6430
6431
6432
6433
6435
6438
6440
6445
6447
6451
6452
6453
6454
6456
6459
6460
6462
6463
6466
6467
6470
6471
6472
6473
6474
6478
6480
6481
6482
6483
6488
6489
6490
6492
6493
6497
6502
6503
6506
6508
6510
6512
6516
6517
6518
6519
6520
6521
6522
6523
6524
6525
6527
6528
6529
6530
6531
6532
6536
6538
6540
6541
6542
6543
6545
6546
6547
6550
6552
6553
6556
6559
6560
6563
6565
6566
6569
6573
6574
6575
6578
6579
6581
6582
6583
6585
6587
6588
6589
6592
6593
6599
6600
6601
6602
6603
6604
6605
6606
6607
6608
6609
6610
6611
6613
6617
6623
6624
6626
6627
6628
6630
6631
6633
6634
6635
6636
6638
6639
6640
6642
6643
6645
6650
6652
6653
6654
6656
6658
6660
6664
6665
6666
6670
6671
6672
6675
6676
6678
6679
6680
6681
6682
6683
6686
6691
6692
6693
6696
6699
6701
6703
6704
6705
6710
6711
6713
6714
6715
6717
6720
6723
6727
6731
6733
6734
6735
6752
6754
6756
6760
6761
6762
6763
6764
6765
6766
6767
6772
6776
6778
6781
6784
6785
6788
6789
6792
6793
6795
6800
6804
6805
6811
6815
6817
6821
6826
6827
6828
6830
6832
6836
6843
6844
6845
6847
6849
6850
6851
6852
6853
6855
6858
6861
6862
6863
6865
6866
6873
6874
6877
6879
6881
6882
6884
6888
6890
6899
6901
6902
6903
6910
6914
6915
6918
6919
6930
6933
6935
6936
6937
6938
6939
6940
6942
6943
6944
6947
6948
6949
6950
6953
6955
6956
6957
6958
6962
6965
6967
6968
6969
6974
6978
6979
6980
6981
6982
6986
6987
6988
6990
6992
6993
6994
6996
6997
7000
7001
7004
7009
7016
7034
7037
7045
7050
7051
7056
7059
7060
7066
7075
7083
7085
7090
7091
7098
7100
7101
7102
7104
7105
7108
7109
7111
7113
7120
7121
7122
7124
7125
7127
7128
7133
7136
7139
7140
7141
7150
7152
7153
7164
7167
7169
7172
7175
7182
7186
7187
7192
7193
7196
7201
7203
7204
7205
7206
7209
7214
7225
7226
7229
7230
7235
7237
7238
7239
7242
7247
7250
7262
7265
7268
7270
7271
7274
7275
7276
7283
7287
7288
7289
7290
7294
7295
7302
7303
7308
7309
7314
7320
7321
7322
7324
7325
7326
7327
7331
7336
7337
7338
7340
7341
7342
7344
7350
7351
7352
7353
7354
7355
7356
7359
7363
7364
7365
7369
7374
7375
7379
7380
7381
7384
7388
7391
7393
7395
7401
7407
7408
7416
7418
7424
7429
7431
7432
7437
7445
7447
7453
7454
7457
7459
7462
7467
7468
7471
7472
7473
7478
7482
7486
7494
7506
7510
7511
7515
7518
7524
7531
7534
7535
7536
7542
7543
7544
7545
7548
7553
7555
7574
7581
7590
7592
7600
7610
7622
7625
7629
7650
7655
7670
7671
7672
7674
7679
7680
7687
7689
7692
7693
7694
7696
7699
7702
7704
7705
7706
7708
7723
7725
7726
7729
7732
7735
7757
7764
7772
7775
7783
7784
7790
7794
7802
7809
7823
7824
7829
7835
7836
7843
7855
7858
7859
7865
7866
7875
7877
7889
7891
7893
7895
7899
7906
7914
7917
7919
7921
7924
7926
7927
7933
7934
7936
7940
7949
7950
7953
7955
7960
7985
7987
7988
7989
7990
7998
8001
8004
8005
8006
8012
8023
8032
8033
8039
8040
8045
8059
8064
8070
8072
8085
8087
8091
8099
8109
8111
8116
8135
8136
8154
8188
8229
8235
8236
8239
8240
8242
8246
8260
8310
8311
8336
8354
8357
8381
8382
8386
8431
8438
8444
8447
8449
8460
8475
8478
8484
8491
8495
8496
8498
8501
8504
8510
8554
8568
8577
8615
8641
8688
8695
8750
8787
8819
8919
8959
8967
8971
9014
9026
9031
9038
9039
9042
9050
9053
9082
9116
9127
9132
9133
9137
9145
9147
9154
9169
9202
9218
9229
9232
9238
9246
9258
9278
9294
9358
9376
9385
9414
9424
9435
9447
9452
9454
9473
9476
9521
9527
9540
9577
9595
9611
9623
9659
9663
9666
9669
9672
9681
9700
9704
9705
9712
9719
9737
9742
9751
9762
9767
9779
9780
9792
9803
9814
9847
9861
9882
9884
9910
9960
9981
10004
10022
10063
10075
10137
10184
10193
10198
10203
10216
10238
10281
10299
10316
10317
10325
10336
10349
10359
10382
10416
10442
10493
10529
10548
10591
10629
10741
10769
10845
10878
10898
10900
10955
10956
10970
10976
10977
11005
11008
11019
11022
11048
11055
11057
11098
11101
11112
11168
11229
11232
11236
11241
11257
11262
11271
11280
11289
11291
11293
11298
11325
11385
11387
11397
11407
11408
11410
11411
11418
11425
11449
11453
11481
11483
11491
11494
11496
11499
11509
11512
11523
11526
11531
11550
11556
11567
11570
11640
11643
11677
11682
11705
11718
11721
11726
11733
11734
11741
11763
11791
11796
11801
11805
11809
11810
11822
11827
11843
11844
11847
11857
11868
11869
11871
11872
11913
11925
11955
11974
11978
12034
12037
12047
12054
12059
12072
12073
12078
12085
12089
12122
12140
12141
12167
12168
12169
12188
12203
12213
12239
12254
12277
12280
12287
12343
12380
12396
12401
12402
12404
12409
12410
12421
12437
12453
12458
12489
12517
12520
12522
12541
12567
12573
12593
12594
12598
12655
12665
12670
12674
12682
12730
12742
12750
12761
12769
12837
12889
12914
12919
12929
12932
12936
12939
12947
12978
12986
13024
13047
13054
13084
13087
13098
13122
13144
13168
13230
13232
13236
13241
13247
13251
13253
13302
13310
13336
13337
13370
13398
13449
13457
13458
13463
13473
13478
13513
13536
13551
13553
13861
13925
13980
13990
13993
14137
14146
14212
14225
14277
14290
14298
14321
14327
14342
14364
14370
14501
14508
14531
14606
14741
14771
14775
14782
14804
14818
14822
14833
14946
14977
14999
15000
15008
15058
15060
15079
15115
15161
15238
15246
15280
15428
15498
15521
15555
15558
15674
15678
15691
15779
15865
15872
15921
16597
16639
16833
17494
17524
17575
17601
17605
17697
17811
17874
17959
18014
18029
18082
18095
18185
18256
18273
18329
18359
18419
18441
18464
18518
18531
18536
18562
18565
18629
18634
18719
18744
19063
19163
19169
19183
19217
19231
19341
19376
19398
19403
19411
19438
19440
19511
19522
19540
19541
19633
19665
19671
19708
19729
19740
19751
19754
19761
19770
19771
19777
19885
19910
19934
19987
19989
19995
20011
20018
20050
20054
20055
20068
20079
20117
20134
20152
20157
20159
20160
20161
20177
20191
20196
20204
20211
20213
20239
20240
20259
20263
20269
20308
20391
20483
20489
20548
20581
20613
20614
20631
20649
20658
20674
20861
20884
21074
21084
21091
21102
21149
21254
21367
21373
21407
21519
21531
21548
21563
21586
21717
21727
21762
21825
21919
22001
22004
22149
22198
22248
22264
22281
22291
22503
22504
22527
22582
22726
22860
23240
23269
23371
23374
23780
23785
24570
24683
24899
24933
25130
25502
25558
25640
25776
25844
25866
25896
25967
26034
26174
26323
26348
26486
26506
26609
26708
26783
26799
26881
27091
27190
27268
27318
27329
27494
27851
27944
28320
28326
28615
29055
29198
29387
29440
29612
29648
29810
30445
30480
30598
30701
30709
30832
30836
30881
30951
31117
31188
31191
31274
31275
31285
31379
31395
31492
31498
31535
31886
31984
32033
32107
32163
32281
32313
32349
32358
32362
32647
32904
32953
32975
33061
33274
33290
33316
33360
33385
33399
33444
33501
33565
33656
33717
33736
33745
33843
33902
33909
33914
33915
33921
33931
33994
34013
34021
34034
34040
34084
34163
34186
34215
34227
34239
34294
34455
34549
34562
34624
34655
35041
35173
35295
35407
35568
35837
35939
35957
35968
35983
35992
35999
36072
36084
36091
36204
36243
36263
36264
36370
36404
36578
36598
36616
36625
36803
37062
37107
37398
37400
37450
37459
37464
37639
38117
38313
38337
38439
38803
38943
39001
39089
39275
39424
39483
39561
39591
39850
40384
40621
40626
40728
40847
41044
41283
41411
41877
42273
42368
42539
42689
42754
42756
43543
44445
45079
45262
46318
46480
47192
47232
47286
47339
47365
47708
48064
48235
48324
48957
49133
49180
49886
50288
50575
51130
51254
52316
52465
52837
52946
53099
53208
53303
53330
53446
53606
53661
53761
53772
53975
53997
54479
54562
54568
54582
54615
54779
54817
54866
54872
54948
54992
55025
55085
55120
55124
55128
55142
55179
55187
55325
55352
55359
55377
55390
55550
55591
55593
55632
55681
55682
55737
56116
56119
56122
56290
56436
56482
56490
56502
56503
56505
56506
56591
56602
56763
56793
56841
56908
56913
57026
57317
57471
57725
57755
57972
58138
58222
58297
58489
58543
58779
58840
59071
59110
59161
59194
59658
60054
60122
60723
61028
62125
62303
62651
62763
62892
63099
63169
63187
63232
63662
64024
64105
64223
64658
65167
65201
65765
65910
66673
67731
68129
69154
69442
70437
71391
71685
71727
72738
73334
74049
74404
75667
75725
76829
76835
76895
76915
77202
77345
77362
77366
77557
78023
78031
78495
79301
79386
80917
81595
81606
81808
81809
81853
81917
81969
81984
82124
82187
82314
82371
82509
82564
82631
82674
83095
83101
83102
83128
83215
83407
83506
83675
83696
83752
83756
84618
84691
84732
84916
85198
85684
85897
85905
85927
85988
86059
86088
86119
86215
86220
86236
86399
86481
86743
87289
87692
88546
88905
88967
88974
89391
89761
89989
90185
90373
90467
90791
91286
91472
91634
92055
92251
92301
92672
92812
92926
93098
93622
94174
94386
94565
95279
95352
95463
95495
96129
96432
97377
98054
98088
98363
99249
99252
100007
100303
101605
102070
103940
104363
105413
107418
108460
108483
111843
112133
113502
114388
114609
114964
115492
116481
117161
118924
119342
119402
119700
121392
121540
122079
122313
122499
123071
123266
123299
123398
123400
123401
123417
123463
123577
123764
123768
123769
123877
123878
123973
124056
124131
124941
125565
125935
126543
126721
127576
127578
127843
128109
128594
128612
128614
128628
128635
128660
129275
130374
131346
131604
131624
132212
132270
132342
133361
135527
136077
136251
136980
139785
139997
140803
141316
144039
144970
146446
152996
154323
154471
157629
158379
158545
161582
163039
164551
166687
167626
167635
170518
170799
172135
175848
177137
177174
177657
178725
179295
179483
179755
180970
181299
182212
182581
183382
183952
184126
184246
184343
184377
185026
189407
195539
196226
196343
197880
198323
198548
210936
212284
212971
214644
214917
220480
222711
222839
223364
225125
225848
229705
230313
231499
233410
235674
237703
240616
242583
250464
254093
256209
260038
269562
272189
280367
291187
296074
317963
339373
341812
357888
361763
366665
366717
373022
379926
382348
383714
388479
405378
423105
424810
432193
434273
448037
477037
486821
501501
507360
507547
508247
508276
508289
508296
508301
512630
520399
523149
523323
